;x;y;z
Bazerque_M_D55_od;0,01645021;-0,015972358;0,144507296
Bazerque_M_A45_od;0,031847492;-0,019431653;0,122837107
Bazerque_M_D36_od;0,078070934;-0,016139951;0,072766803
Bazerque_M_A37_od;0,076397418;-0,0196601;0,076581615
Bazerque_M_A98_od;0,006046146;-0,016924882;0,12564926
Bazerque_M_D16_od;0,032940984;-0,013021702;0,147902402
Bazerque_M_B1_od;0,031009966;-0,025650141;0,140527864
Bazerque_M_E2_od;0,016591747;-0,018729183;0,125554501
Bazerque_M_A73_od;0,036906997;-0,016808453;0,028905142
Bazerque_M_A38_od;0,09268777;-0,028638439;0,001556119
Bazerque_M_E15_od;0,025707027;-0,021680537;0,173677423
Bazerque_M_A77_od;0,062052391;-0,03143231;0,112672493
Bazerque_M_C96_od;0,030679836;-0,015600423;0,129874232
Bazerque_M_D8_od;0,057269577;-0,019608612;0,042583139
Bazerque_M_C31_od;0,020581937;-0,021035976;0,131201784
Bazerque_M_B26_od;0,015401059;-0,018013791;0,158172803
Bazerque_M_E48_od;0,003170959;-0,015479258;0,191041213
Bazerque_M_E1_od;0,051774271;-0,024908981;0,034736329
Bazerque_M_D6_od;0,034730929;-0,022284321;0,069293076
Bazerque_M_D32_od;0,069755479;-0,024043864;0,096162302
Bazerque_M_A36_od;0,004980743;-0,015846598;0,114623497
Bazerque_M_E89_od;0,055682737;-0,015972709;0,087893776
Bazerque_M_D14_od;0,012691231;-0,013818513;0,185337085
Bazerque_M_A29_od;0,057855362;-0,017773326;0,02937645
Bazerque_M_E63_od;-0,017502917;-0,016193315;0,096719415
Bazerque_M_E21_od;0,009171916;-0,017323326;0,167122245
Bazerque_M_A84_od;0,064999372;-0,017541633;0,059167685
Bazerque_M_A41_od;0,048245306;-0,019689132;0,126542298
Bazerque_M_E88_od;0,043306757;-0,01652617;0,113791136
Bazerque_M_C48_od_2a;0,10516406;-0,026521122;0,016104261
Bazerque_M_C48_od;0,04151302;-0,016018414;0,141292596
Bazerque_M_D18_od;0,016956845;-0,017072052;0,102842251
Bazerque_M_D9_od;0,045128073;-0,016707096;0,042258826
Bazerque_M_E45_od;0,026835527;-0,013140537;0,068852564
Agudes_M_E36_od;0,033916379;-0,030291314;0,080274219
Agudes_M_E37_od;0,058882882;-0,031990834;0,063996583
Agudes_M_E39_od;0,052727486;-0,028103797;0,13793861
Agudes_M_E44_od;0,079034867;-0,033724553;0,05060661
Agudes_M_E45_od;0,036294889;-0,015644961;0,082795223
Agudes_M_E49_od;0,049471924;-0,03505476;0,094076575
Agudes_M_E50_od;0,03731954;-0,034303771;0,06493296
Agudes_M_E52_od;0,023684674;-0,024263226;0,047616518
Agudes_M_E54_od;0,03557039;-0,016078616;0,061152099
Agudes_M_E55_od;0,076311661;-0,034708403;0,035531826
Agudes_M_E56_od;0,043391773;-0,024689017;0,071699858
Agudes_M_E59_od;0,031764028;-0,028458788;0,07018398
Agudes_M_E61_od;0,050558657;-0,03293102;0,054461969
Agudes_M_E65_od;0,097639505;-0,038395556;0,020977839
Agudes_M_E71_od;0,024531167;-0,026169756;0,064024803
Agudes_M_E72_od;0,062773324;-0,022464702;0,048623769
Agudes_M_E73_od;0,039060628;-0,027508283;0,042628011
Agudes_M_E74_od;0,078146049;-0,036750166;0,095884872
Agudes_M_E76_od;0,051178425;-0,030203881;0,05539918
Agudes_M_E78_od;0,041787262;-0,024675277;0,046088744
Agudes_M_E81_od;0,012222984;-0,017678504;0,126898666
Agudes_M_E90_od;0,043636732;-0,022289355;0,038639761
Avet_M_A15_od;0,025297759;-0,026158967;0,069842138
Avet_M_A19_od;0,042694579;-0,028135061;0,079470623
Avet_M_A25_od;0,046180355;-0,024758417;0,042690121
Avet_M_A28_od;0,023424909;-0,016531163;0,059997353
Avet_M_A34_od;0,040021884;-0,032716913;0,067208823
Avet_M_A59_od;0,021900152;-0,027050173;0,097944593
Avet_M_A6_od;0,022409667;-0,01973657;0,074153591
Avet_M_A70_od;0,062275799;-0,026407291;0,033137518
Avet_M_A85_od;0,03759518;-0,027092203;0,058529848
Avet_M_B7_od;-0,010864368;-0,014862148;0,033579612
Avet_M_B80_od;-0,004168177;-0,021138241;0,109390199
Avet_M_B90_od;0,083702318;-0,034873187;0,091905721
Avet_M_B92_od;0,080231553;-0,023491123;0,027826309
Avet_M_E20_od;-0,006454272;-0,02251699;0,081244705
Avet_M_P33_od;0,061870179;-0,038029563;0,05954428
Avet_M_P34_od;0,0117371;-0,020572529;0,147481361
Avet_M_P35_od;0,017172178;-0,023948767;0,08760684
Avet_M_P37_od;0,038956856;-0,01609499;0,008731122
P38_od;0,038365319;-0,024516254;0,128521545
Avet_M_P40_od;0,058889737;-0,027772298;0,069928652
Avet_M_PN10_od;0,014407712;-0,019398516;0,116387311
Avet_M_PN12_od;0,022425715;-0,021490473;0,112743761
Avet_M_PN16_od;0,058084283;-0,025740339;0,053589955
Avet_M_PN21_od;0,034310547;-0,02310183;0,081440011
Avet_M_PN6_od;0,038992036;-0,018414567;0,094014905
Avet_M_PN8_od;0,023330911;-0,018084644;0,059455817
Panticosa_M_F20_od;0,031734541;-0,023639984;0,048579239
Panticosa_M_F21_od;0,042388042;-0,023858183;0,122456286
Panticosa_M_F23_od;-0,007076048;-0,015612731;0,145760193
Panticosa_M_F29_od;-0,009265021;-0,016492506;0,149535789
Panticosa_M_F32_od;-0,009583601;-0,022158564;0,151667279
Panticosa_M_F33_od;0,047486513;-0,022814877;0,087811623
Panticosa_M_F36_od;0,027490282;-0,017843242;0,092020405
Panticosa_M_F38_od;0,026578024;-0,016649825;0,059720439
Panticosa_M_F39_od;-0,024685207;-0,014768315;0,182142229
Panticosa_M_F42_od;0,054681806;-0,030443688;0,102479038
Panticosa_M_F45_od;0,056160611;-0,025846067;0,032088381
Panticosa_M_F46_od;0,022147421;-0,016520734;0,082992993
Panticosa_M_F49_od;0,024257209;-0,021062341;0,09257164
Panticosa_M_F50_od;0,00457352;-0,014109324;0,096012659
Panticosa_M_F51_od;-0,00779267;-0,019547947;0,181066462
Panticosa_M_F54_od;0,027056245;-0,026111519;0,082690518
Panticosa_M_F55_od;-0,027194108;-0,014889609;0,144445678
Panticosa_M_F56_od;0,039969954;-0,016147075;0,062378116
Panticosa_M_F57_od;-0,017945774;-0,018246873;0,172722075
Panticosa_M_F58_od;0,018750686;-0,022408567;0,092440047
Panticosa_M_F68_od;0,008385681;-0,018339245;0,113140595
Panticosa_M_F69_od;0,003937729;-0,02158978;0,091633116
Panticosa_M_F70_od;-0,013867094;-0,016519437;0,171020398
Panticosa_M_F78_od;-0,011593116;-0,017181419;0,130157489
Panticosa_M_F80_od;-0,014356484;-0,013635244;0,117019989
Panticosa_M_F81_od;0,017669065;-0,023658958;0,160086651
Panticosa_M_F83_od;-0,021081292;-0,016244635;0,155485479
Panticosa_M_F86_od;0,051543254;-0,023978094;0,074883687
Biados_M_F12_od;0,022185004;-0,021932874;0,115799308
Biados_M_F16_od;0,012456621;-0,013949639;0,123598563
Biados_M_F18_od;0,009199347;-0,020871346;0,082741757
Biados_M_F19_od;-0,019945715;-0,013048595;0,099540964
Biados_M_F22_od;0,062018483;-0,037949253;0,06565104
Biados_M_F23_od;0,042190832;-0,016057318;0,072837272
Biados_M_F24_od;0,031108397;-0,010734894;0,056713471
Biados_M_F25_od;0,047932658;-0,023450151;0,069162951
Biados_M_F26_od;0,014327186;-0,020848945;0,10822908
Biados_M_F30_od;0,024680673;-0,027563248;0,139178553
Biados_M_F31_od;0,023653419;-0,018839132;0,103591365
Biados_M_F34_od;-0,016638341;-0,018867658;0,126930671
Biados_M_F35_od;-0,001400243;-0,025044228;0,130405557
Biados_M_F36_od;0,015434835;-0,018270864;0,112452229
Biados_M_F37_od;0,027255603;-0,020019777;0,080730205
Biados_M_F40_od;0,038148484;-0,027666597;0,090930034
Biados_M_F41_od;0,054658953;-0,031675845;0,101804697
Biados_M_F42_od;0,053869241;-0,017340349;0,041897805
Biados_M_F43_od;0,048783385;-0,022728925;0,119331563
Biados_M_F44_od;0,042031131;-0,022421865;0,102268596
Biados_M_F45_od;0,042905147;-0,022998459;0,077494656
Biados_M_F46_od;0,050698607;-0,031281845;0,074613975
Biados_M_F47_od;0,046518658;-0,028287584;0,093101042
Biados_M_F49_od;0,0530059;-0,021899393;0,041651357
Biados_M_F53_od;0,01003279;-0,017124022;0,118476042
Biados_M_F54_od;0,004315696;-0,015540047;0,136660505
Biados_M_F55_od;0,00327979;-0,021639829;0,127064968
Biados_M_F57_od;0,010369087;-0,020980903;0,123729894
Biados_M_F58_od;0,057062926;-0,030958804;0,074506572
Biados_M_F60_od;0,028795126;-0,019112836;0,101609975
Campdevanol_M_CvE92_od;0,010760327;-0,018192832;0,101293502
Campdevanol_M_CvE83_od;0,042402502;-0,022251106;0,06562065
Campdevanol_M_CvE72_od;0,080275433;-0,035314392;0,051646945
Campdevanol_M_CvE77_od;0,104780132;-0,034014025;-0,005526587
Campdevanol_M_CvE93_od;0,055574183;-0,021750207;0,077186569
Campdevanol_M_CvE37_od;0,069566272;-0,032818594;0,075112702
Campdevanol_M_CvE59_od;0,06992129;-0,031839471;0,03567331
Campdevanol_M_CvE25_od;0,04960386;-0,020191714;0,031250541
Campdevanol_M_CvE70_od;0,043461847;-0,016277803;0,032570282
Campdevanol_M_CvE8_od;0,086747406;-0,036760535;0,029216093
Campdevanol_M_CvE39_od;-0,010175679;-0,020953324;0,151255599
Campdevanol_M_CvE97_od;0,048100535;-0,020204966;0,099401908
Campdevanol_M_CvE29_od;0,049842843;-0,018713834;0,040336519
Campdevanol_M_CvE35_od;0,050991914;-0,028513751;0,134484626
Campdevanol_M_CvE79_od;0,047675578;-0,019205606;0,102863667
Campdevanol_M_CvE61_od;0,007023596;-0,020764697;0,114996468
Campdevanol_M_CvE87_od;0,009937844;-0,018349057;0,157261937
Campdevanol_M_CvE14_od;0,062482536;-0,019628987;0,003480465
Campdevanol_M_CvE23_od;0,051721038;-0,03057296;0,118997427
Campdevanol_M_CvE66_od;0,047760789;-0,023280519;0,11762737
Campdevanol_M_CvE13_od;0,085499523;-0,025553592;-0,021504729
Campdevanol_M_CvE80_od;0,076566516;-0,026667671;0,041788425
Campdevanol_M_CvE91_od;0,066527988;-0,024390537;0,022743079
Campdevanol_M_A71_oe;0,100542139;-0,020010275;-0,005755403
Campdevanol_M_A27_oe;0,087665157;-0,032614164;0,010261768
Campdevanol_M_A22_oe;0,067012993;-0,026625955;0,036236914
Campdevanol_M_CamP26_oe;0,079329472;-0,022491403;0,010092614
Campdevanol_M_D8_oe;0,044321801;-0,029803477;0,067802441
Campdevanol_M_D25_oe;0,033038324;-0,020988875;0,142470961
Cd34_M_od;0,096920294;-0,030086041;0,011712492
Cd21_M_od;0,058057615;-0,026787245;0,12333483
Cd25_M_od;0,137791381;-0,045905902;-0,007676602
Cd31_M_od;0,079136277;-0,029747118;-0,013749282
Cd78_M_od;0,008866221;-0,018177989;0,130519522
Cd69_M_od;0,026257935;-0,022608405;0,096521426
Cd57_M_od;0,064469875;-0,030334016;0,100960345
Cd37_M_od;0,035348464;-0,030874469;0,11559973
Cd84_M_od;0,048453118;-0,025173802;0,109364207
Cd16_M_od;0,065784278;-0,032408059;0,044728445
Cd28_M_od;0,079559318;-0,029145865;0,066998948
Cd40_M_od;0,030098514;-0,022179104;0,097045923
Cd94_M_od;0,05705045;-0,031639982;0,043238686
Cd45_M_od;0,058771074;-0,02201482;0,081274947
Cd43_M_od;-0,009889919;-0,021975162;0,141529303
Cd11_M_od;0,103152148;-0,033810278;0,070417287
Cd49_M_od;0,077823496;-0,034724702;0,04574075
Cd79_M_od;0,075147046;-0,019387904;0,051417128
Cd17_M_od;0,056579547;-0,031258264;0,11290552
Cd7_M_od;0,045832346;-0,030289198;0,135232371
Cd75_M_od;0,033115237;-0,016555317;0,036944312
Cd97_M_od;0,031835855;-0,021115519;0,124021447
Cd48_M_od;0,029704797;-0,012402335;0,101494613
Cd56_M_od;0,082241091;-0,030041171;0,073353206
Cd59_M_od;0,044888054;-0,018385442;0,064484298
Cd46_M_od;0,083089665;-0,031464275;0,088767974
Cd30_M_od;0,108365361;-0,04130563;0,103210867
Civis_M_A14_od;0,045558114;-0,027393779;0,065286539
Civis_M_A29_od;-0,005539327;-0,014287354;0,068379977
Civis_M_A38_od;-0,009692078;-0,018229638;0,064120977
Civis_M_A41_od;-0,019127571;-0,018188616;0,081745818
Civis_M_A56_od;0,01700276;-0,013739968;0,109722868
Civis_M_A91_od;-0,020386628;-0,016177658;0,140736522
Civis_M_D15_od;-0,019063051;-0,017766003;0,083113372
Civis_M_D17_od;0,003151967;-0,013850958;0,114603833
Civis_M_D18_od;0,021887393;-0,018529423;0,029753512
Civis_M_D35_od;0,009561302;-0,013007066;0,063371222
Civis_M_D36_od;0,007577104;-0,022278818;0,088185318
Civis_M_D54_od;-0,038416949;-0,014628519;0,073113639
Civis_M_E10_od;0,030934175;-0,021313045;0,091544073
Civis_M_E12_od;0,014980532;-0,013756609;0,135699111
Civis_M_E13_od;0,017271948;-0,014576814;0,090711717
Civis_M_E14_od;0,015802272;-0,019524814;0,125962458
Civis_M_E18_od;0,047832175;-0,02515055;0,063814613
Civis_M_E23_od;-0,000773367;-0,014246605;0,123747994
Civis_M_E38_od;0,048159671;-0,022281909;0,130878039
Civis_M_E43_od;0,049621185;-0,028668125;0,064889321
Civis_M_E44_od;0,033474086;-0,017454016;0,051168421
Civis_M_E57_od;0,058505036;-0,031847869;0,062691555
Civis_M_E64_od;0,017726595;-0,02602666;0,057197256
Civis_M_E72_od;0,030080321;-0,02138564;0,046925281
Civis_M_E84_od;0,038330482;-0,026386808;0,143238938
Civis_M_E93_od;0,038372052;-0,024721217;0,03247415
Civis_M_N3_od;-0,002111056;-0,018430844;0,113994595
Civis_M_N30_od;0,018233598;-0,018394899;0,147494884
Civis_M_N31_od;0,010749355;-0,014562833;0,096413997
Civis_M_N5_od;0,012726761;-0,013725873;0,137887238
ColladaToses_M_A75_od;0,049694404;-0,02874175;0,122394069
ColladaToses_M_B26_od;0,073641219;-0,027772679;0,063950255
ColladaToses_M_B6_od;0,024728973;-0,023272963;0,119394794
ColladaToses_M_B9_od;0,074161512;-0,02378968;0,049012128
ColladaToses_M_C47_od;-0,021701703;-0,01592507;0,124485183
ColladaToses_M_D15_od;0,078476504;-0,028162822;0,014927841
ColladaToses_M_D17_od;0,055841505;-0,021681775;0,038713821
ColladaToses_M_D18_od;0,046316314;-0,023072031;0,146046778
ColladaToses_M_D24_od;0,017394491;-0,024023396;0,10726536
ColladaToses_M_D33_od;0,039137481;-0,020389803;0,109168563
ColladaToses_M_D36_od;-0,022111037;-0,013538955;0,231436139
ColladaToses_M_D50_od;0,018080256;-0,026478191;0,182094623
ColladaToses_M_D52_od;0,001791605;-0,019490022;0,136795881
ColladaToses_M_D55_od;0,015013454;-0,02161896;0,120682975
ColladaToses_M_D6_od,,,242;0,018423285;-0,014206116;0,096687887
ColladaToses_M_D6_od,,,243;0,019869561;-0,017537379;0,070297424
ColladaToses_M_D8_od;0,053901544;-0,018415906;0,043442658
ColladaToses_M_D9_od;0,021358161;-0,024964714;0,156366305
ColladaToses_M_E19_od;0,006906461;-0,014970176;0,074668262
ColladaToses_M_E24_od;0,037236284;-0,025114235;0,116670972
ColladaToses_M_E28_od;0,107806024;-0,027828316;0,007484838
ColladaToses_M_E30_od;0,032817625;-0,021120338;0,102833546
ColladaToses_M_E31_od;0,036800528;-0,02310683;0,097358851
ColladaToses_M_E34_od;0,041002629;-0,020027061;0,045237961
ColladaToses_M_E41_od;0,043176359;-0,019899516;0,066905975
ColladaToses_M_E5_od;0,049293799;-0,024257041;0,111550954
ColladaToses_M_E51_od;0,033607443;-0,024355868;0,086548364
ColladaToses_M_E53_od;0,007444183;-0,015595881;0,174073844
ColladaToses_M_E6_od;0,021392672;-0,019290034;0,047305402
ColladaToses_M_E60_od;0,107650197;-0,042341934;0,009157573
ColladaToses_M_E62_od;0,035909519;-0,023712607;0,084497081
ColladaToses_M_E75_od;0,040788184;-0,019147764;0,124196788
ColladaToses_M_E9_od;0,072795529;-0,027932293;0,116235791
ColladaToses_M_E90_od;0,025512995;-0,023865868;0,126999488
Canto_M_27_od;0,010095656;-0,020988791;0,110482339
Canto_M_A15_od;0,030138033;-0,018632419;0,052886049
Canto_M_A16_od;0,022725682;-0,019404845;0,072710387
Canto_M_A17_od;0,014802064;-0,021337605;0,108059374
Canto_M_A19_od;-0,012606957;-0,014745362;0,172770176
Canto_M_A25_od;-0,012886425;-0,019817512;0,129594935
Canto_M_A30_od;-0,016917881;-0,015884262;0,121557949
Canto_M_A43_od;0,001079134;-0,022678211;0,08894609
Canto_M_A5_od;0,017269195;-0,015088402;0,074492072
Canto_M_A68_od;-0,016377395;-0,020165712;0,145995661
Canto_M_A7_od;-0,009357039;-0,018659971;0,174395214
Canto_M_A78_od;-0,002019918;-0,021744389;0,112217245
Canto_M_A8_od;0,01774473;-0,023384997;0,104017028
Canto_M_A87_od;-0,01107998;-0,017653831;0,164770377
Canto_M_E10_od_menuda;0,040711241;-0,027846659;0,079382808
Canto_M_E11_od;-0,004203558;-0,017100907;0,11380038
Canto_M_E12_od;-0,037598748;-0,015723287;0,163398013
Canto_M_E13_od;0,043413997;-0,018818444;0,060849902
Canto_M_E23_od;5,89E-05;-0,017480789;0,09045976
Canto_M_E25_od;-0,010866786;-0,019020388;0,140847901
Canto_M_E39_od;0,036918034;-0,025326118;0,093494368
Canto_M_E44_od;-0,003097188;-0,018913177;0,106834083
Canto_M_E50_od;-0,000675934;-0,023942247;0,129450663
Canto_M_E52_od;-0,005000017;-0,016030593;0,166983451
Canto_M_E54_od;-0,001068082;-0,018837115;0,100790036
Canto_M_E59_od;0,013622959;-0,018822978;0,148514678
Canto_M_E65_od;0,014233946;-0,026142492;0,11194911
Canto_M_E67_od;-0,013218419;-0,01515563;0,100685635
Canto_M_E71_od;0,0389412;-0,014939093;0,034875356
Canto_M_E72_od;0,03393885;-0,020462004;0,055710707
Canto_M_E76_od;0,03997217;-0,026615895;0,040919603
Canto_M_E77_od;0,036211824;-0,031042943;0,060977986
Canto_M_E80_od;0,046227655;-0,029845146;0,072453597
Canto_M_E83_od;0,035783324;-0,025186174;0,037921846
Canto_M_E84_od;0,010539277;-0,014789428;0,106222028
Canto_M_E87_od;0,001263916;-0,016202415;0,054925498
Canto_M_E97_od;0,045177441;-0,024553155;0,071851356
CortalMateu_M_33_od;0,028264189;-0,014933387;0,055140744
CortalMateu_M_37_od;0,019934477;-0,029181735;0,060618283
CortalMateu_M_40_od;-0,004639925;-0,020085525;0,120402433
CortalMateu_M_43_od;0,033249473;-0,019087299;0,073619161
CortalMateu_M_53_od;0,001957577;-0,014428391;0,056838057
CortalMateu_M_A17_od;-0,008383403;-0,018118438;0,09533513
CortalMateu_M_A22_od;0,006576426;-0,014139984;0,084838099
CortalMateu_M_A25_od;0,03817163;-0,014731846;0,039918582
CortalMateu_M_A30_od;0,001712201;-0,019289335;0,07017841
CortalMateu_M_A40_od;-0,018233482;-0,020300985;0,087759316
CortalMateu_M_A43_od;0,002920563;-0,019711763;0,076718982
CortalMateu_M_A48_od;-0,021744372;-0,015405854;0,085113835
CortalMateu_M_A49_od;0,084529813;-0,032866413;0,034880321
CortalMateu_M_A5_od;0,008599333;-0,02146492;0,035603525
CortalMateu_M_A57_od;0,025462578;-0,020639327;0,096461659
CortalMateu_M_A6_od;0,006652037;-0,019247583;0,069434738
CortalMateu_M_A68_od;-0,021034925;-0,017382148;0,085651711
CortalMateu_M_A71_od;0,005852295;-0,015294864;0,094105817
CortalMateu_M_A78_od;0,003251344;-0,021395019;0,127181024
CortalMateu_M_A79_od;0,04550725;-0,015734498;0,034956235
CortalMateu_M_A8_od;-0,016075818;-0,014989122;0,103572767
CortalMateu_M_A82_od;0,043258285;-0,013931489;0,047834553
CortalMateu_M_A87_od;-0,013730361;-0,017705929;0,065919912
CortalMateu_M_A91_od;-0,010070787;-0,017313161;0,160455148
CortalMateu_M_A97_od;0,018569714;-0,021966521;0,064193258
CortalMateu_M_B12_od;-0,012639946;-0,018902289;0,06309323
CortalMateu_M_B86_od;-0,004919953;-0,022136664;0,067108418
CortalMateu_M_B99_od;0,001505912;-0,014977265;0,118345567
CortalMateu_M_C100_od;-0,014783961;-0,016237451;0,137184086
CortalMateu_M_D34_od;0,025857698;-0,023029635;0,110017468
CortalMateu_M_D4_od;0,057747755;-0,025430584;0,051702867
CortalMateu_M_E14_od;-0,029300128;-0,01887391;0,150571521
CortalMateu_M_E43_od;0,032750802;-0,029117419;0,079648651
CortalMateu_M_E93_od;-0,0149489;-0,017794212;0,056527581
Espierba_M_A11_od;0,037754974;-0,022277085;0,053484728
Espierba_M_A19_od;0,038262216;-0,02462949;0,02691139
Espierba_M_A22_od;0,061058428;-0,023112831;0,021458761
Espierba_M_A29_od;0,027050463;-0,020874713;0,141701326
Espierba_M_A40_od;0,002077208;-0,017296435;0,140121233
Espierba_M_A43_od;0,023213334;-0,022798139;0,099978628
Espierba_M_A45_od;0,00582002;-0,02048668;0,090980152
Espierba_M_A56_od;0,015179789;-0,023392714;0,112826374
Espierba_M_A58_od;-0,001458063;-0,019959757;0,130037064
Espierba_M_A6_od;0,005195954;-0,018163262;0,060120442
Espierba_M_A70_od;-0,004087896;-0,015145407;0,104580442
Espierba_M_A73_od;0,080424133;-0,032760371;0,046457179
Espierba_M_B84_od;0,004211467;-0,017084569;0,095395331
Espierba_M_D10_od;0,023370627;-0,024101613;0,118642985
Espierba_M_D22_od;0,024385352;-0,017696219;0,005561038
Espierba_M_D24_od;0,007915726;-0,02297604;0,159503785
Espierba_M_D26_od;0,016900122;-0,023954123;0,121897288
Espierba_M_D3_od;0,02286535;-0,020767944;0,059529342
Espierba_M_D34_od;0,048257347;-0,01602678;0,066675738
Espierba_M_D36_od;0,074643184;-0,029560256;0,053298965
Espierba_M_D4_od;0,057626894;-0,025407375;-0,005293908
Espierba_M_D51_od;0,019261855;-0,019167463;0,118363457
Espierba_M_D52_od;0,025259578;-0,01915808;0,120376012
Espierba_M_D7_od;0,005149109;-0,013669891;0,03311114
Espierba_M_D9_od;0,032349672;-0,021089189;0,093384547
Espot_M_E21_od;0,03187845;-0,022322158;0,085930632
Espot_M_B10_od;0,018524189;-0,017935828;0,036901951
Espot_M_E78_od;0,034075535;-0,021231792;0,042265352
Espot_M_A18_od;0,03459648;-0,015883188;0,112607985
Espot_M_A35_od;-0,030769846;-0,014847645;0,107293182
Espot_M_A46_od;0,00868785;-0,020741675;0,098957191
Espot_M_E80_od;0,047120462;-0,020219718;-0,008111193
Espot_M_A7_od;0,048678917;-0,0193986;0,021478774
Espot_M_E34_od;0,023024169;-0,020240903;0,116837543
Espot_M_E8_od;0,03079419;-0,015305065;0,054581682
Espot_M_A59_od;0,009752539;-0,016454423;0,101063848
Espot_M_E75_od;0,056882199;-0,01908155;0,050829881
Espot_M_E92_od;0,022819246;-0,012900171;0,04818094
Espot_M_A77_od;0,06474995;-0,026932981;0,021812509
Espot_M_B87_od;0,013991596;-0,015658944;0,039663587
Espot_M_A11_od;0,020809405;-0,024441165;0,114022868
Espot_M_A37_od;0,007526819;-0,01559588;0,066261505
Espot_M_E73_od;-0,007668122;-0,015719339;0,118194927
Espot_M_E26_od;0,035648273;-0,021715844;0,115158238
Espot_M_A40_od;0,041417201;-0,022656163;0,089548375
Espot_M_E45_od;-0,000145365;-0,017060216;0,096066952
Espot_M_E69_od;0,004235447;-0,018926227;0,120070169
Espot_M_E5_od;0,01448087;-0,022714243;0,130079115
Espot_M_A73_od;0,057307486;-0,020178812;0,032120283
Espot_muralis_m_E29_oe;0,00901382;-0,019007732;0,170094001
Espot_muralis_M_E64_oe;0,034914525;-0,021183929;0,098030888
Espot_muralis_M_E7_oe;0,04374364;-0,016215301;0,048058227
Fontalba_M_A11_OD;0,081882368;-0,03009163;0,017713132
Fontalba_M_A15_OD;0,062188158;-0,027173061;0,094956982
Fontalba_M_A18_OD;0,036541905;-0,026462954;0,062264725
Fontalba_M_A19_OD;0,045486802;-0,033210708;0,088915966
Fontalba_M_A22_OD;0,058236463;-0,016219878;0,000196632
Fontalba_M_A25_OD;0,052544829;-0,028062584;0,046192413
Fontalba_M_A26_OD;0,101913939;-0,033234711;0,049925367
Fontalba_M_A27_OD;0,009117733;-0,02171898;0,084797502
Fontalba_M_A28_OD;0,018103036;-0,016422352;0,062403843
Fontalba_M_A29_OD;0,077932605;-0,024695608;0,005792803
Fontalba_M_A3_OD;0,081771497;-0,031538922;0,037995302
Fontalba_M_A30_OD;0,052819115;-0,030506394;0,041397987
Fontalba_M_A34_OD;0,095244808;-0,031241376;-0,000677363
Fontalba_M_A37_OD;0,05718503;-0,031981576;0,038664472
Fontalba_M_A39_OD;0,022771714;-0,022171911;0,150693924
Fontalba_M_A45_OD;0,05534203;-0,019780937;0,107813173
Fontalba_M_A46_OD;0,062208707;-0,013813548;-0,008286856
Fontalba_M_A48_OD;0,06108399;-0,025397601;0,013125224
Fontalba_M_A49_OD;0,048437023;-0,028471648;0,033054964
Fontalba_M_A5_OD;0,077703734;-0,028826554;0,054306254
Fontalba_M_A52_OD;0,0803585;-0,032705455;0,023399805
Fontalba_M_A59_OD;0,051714735;-0,022913167;0,048125109
Fontalba_M_A64_OD;0,031306045;-0,020418068;0,053303278
Fontalba_M_A7_OD;0,058682568;-0,037901604;0,068009819
Fontalba_M_A71_OD;0,016180307;-0,015446879;0,093815465
Fontalba_M_A74_OD;0,056826295;-0,032520283;0,079753945
Fontalba_M_A77_OD;0,037522884;-0,014182117;0,019173049
Fontalba_M_A79_OD;0,057244482;-0,024044175;0,027872195
Fontalba_M_A84_OD;0,076266951;-0,031373757;0,085314929
Fontalba_M_A87_OD;0,002013654;-0,02110263;0,113264756
Fontalba_M_A97_OD;0,03889238;-0,026237434;0,036653014
Gallina_M_D9_od;0,048307403;-0,024182068;0,089162258
Gallina_M_D35_od_mud;0,039777273;-0,016532199;0,028462256
Gallina_M_D36_od;0,063207367;-0,035567171;0,03004071
Gallina_M_D21_od;0,019000884;-0,027549748;0,071005552
Gallina_M_A37_od;0,061825224;-0,033095012;0,05378977
Gallina_M_A14_od;0,059739394;-0,01625122;0,014783297
Gallina_M_D17_od;0,041891215;-0,026816573;0,075506133
Gallina_M_E24_od;0,018254938;-0,019002702;0,083435067
Gallina_M_E22_od;-0,008953298;-0,015587778;0,149235419
Gallina_M_A33_od;0,020977586;-0,016782584;0,039834604
Gallina_M_D52_od;0,024149085;-0,016641304;0,119999753
Gallina_M_D54_od;-0,004390324;-0,02094095;0,103632071
Gallina_M_B26_od;0,016510744;-0,025446614;0,124251319
Gallina_M_B9_od;0,036341479;-0,023862628;0,094134692
Gallina_M_B87_od;0,089658411;-0,032662669;-0,021847592
Gallina_M_A68_od;0,03712009;-0,022662862;0,043207757
Gallina_M_D51_od;0,077583138;-0,030049027;0,002218388
Gallina_M_D14_od;0,024014243;-0,024414003;0,073709931
Gallina_M_B1_od;0,069455994;-0,03041085;0,011871334
Gallina_M_A75_od;-0,007299517;-0,025547283;0,115011603
Gallina_M_D18_od;0,048564185;-0,027296298;0,040458203
Gallina_M_A21_od;0,071932812;-0,034982114;0,036255896
Gallina_M_A77_od;0,032176166;-0,021180809;0,054223149
Ll1_M_od;0,047559264;-0,020625961;0,062798534
Ll10_M_od;0,033412623;-0,015302677;0,063555555
Ll21_M_od;0,053151874;-0,021651058;0,131783499
Ll23_M_od;0,072233497;-0,015047545;0,057243717
Ll24_M_od;0,074992138;-0,029860365;0,086615208
Ll26_M_od;0,040831698;-0,023884431;0,113985047
Ll28_M_od;0,029332786;-0,021595543;0,079365495
Ll29_M_od;0,011499471;-0,016935167;0,140302138
Ll31_M_od;0,095046259;-0,027847692;0,016988794
LL34_M_od;0,103819665;-0,030322418;0,008809886
Ll35_M_od;-0,018528045;-0,013603984;0,168673144
Ll38_M_od;0,103150051;-0,036308438;0,001510084
Ll40_M_od;0,001981308;-0,01877124;0,145962389
Ll46_M_od;0,052487585;-0,02672833;0,037306005
Ll5_M_od;0,036071122;-0,018815583;0,101818325
Ll56_M_od;0,035236721;-0,026541506;0,093704311
Ll60_M_od;0,045728023;-0,027367859;0,06063108
Ll61_M_od;0,038903527;-0,019476342;0,024125988
Ll64_M_od;0,052292739;-0,016622819;0,103044134
Ll65_M_od;0,023124675;-0,023852333;0,090402971
Ll67_M_od;0,010943141;-0,015433945;0,125065124
Ll69_M_od;0,042738405;-0,017370283;0,060867263
Ll72_M_od;0,101706034;-0,031344665;0,057349633
Ll73_M_od;0,038453752;-0,028583179;0,075840797
Ll76_M_od;0,098590875;-0,038683808;-0,010093903
Ll77_M_od;0,056185713;-0,021506309;0,038943958
Ll78_M_od;0,086424026;-0,034305284;-0,001760453
Ll80_M_od;0,034705899;-0,016459551;0,070788141
Ll81_M_od;0,035593211;-0,017280858;0,084389211
Ll82_M_od;0,01510962;-0,015902201;0,111886024
Ll83_M_od;0,016835457;-0,017963095;0,084921324
Ll87_M_od;0,002205647;-0,019041542;0,098053791
Ll88_M_od;0,047888371;-0,024092331;0,070497797
Ll89_M_od;-0,009615066;-0,017108865;0,168524824
Ll9_M_od;0,065081923;-0,031859493;0,070261373
Ll93_M_od;-0,009835532;-0,01913376;0,156330023
Ll95_M_od;0,035045069;-0,016958344;0,069179861
Ll12_M_od;0,023077938;-0,020497098;0,084144491
Ll17_M_od;0,047336027;-0,024111987;0,118830765
Ll18_M_od;0,05157227;-0,024636372;0,078626292
Ll2_M_od;0,04917037;-0,024880167;0,080138116
Ll30_M_od;0,049342772;-0,021301184;0,057667263
Ll41_M_od;0,005588026;-0,019270392;0,106922917
Ll47_M_od;0,01923591;-0,019323322;0,12813747
Ll55_M_od;0,005238276;-0,019149433;0,133766561
Ll85_M_od;0,038757801;-0,02855498;0,109802218
Ll92_M_od;0,048087379;-0,026997256;0,073351272
Ll97_M_od;0,030347686;-0,015917445;0,136053102
Me15_M_od;0,039014563;-0,023867158;0,120900324
Me20_M_od;0,032960756;-0,023889446;0,141532041
Me78_M_od;0,019996899;-0,011890923;0,103493842
Me39_M_od;0,060082029;-0,018421589;0,10030019
Me81_M_od;0,037822447;-0,020621171;0,117423758
Me32_M_od;0,043889028;-0,025933443;0,028321692
Me52_M_od;0,042375375;-0,020383465;0,137081945
Me30_M_od;0,02313228;-0,012294701;0,108619348
Me42_M_od;0,042906151;-0,022855045;0,05448941
Me16_M_od;0,035295527;-0,01465284;0,109538683
Me90_M_od;0,015489304;-0,013248463;0,124591007
Me96_M_od;0,075824726;-0,030923888;0,037861165
Me46_M_od;0,03140553;-0,014944636;0,12934763
Me55_M_od;0,055486175;-0,019787109;0,07695899
Me94_M_od;0,038435382;-0,020295435;0,103621062
Me50_M_od_mud;0,063693935;-0,016333291;0,030340298
Me51_M_od;0,041458532;-0,018943853;0,053303071
Me13_M_od;0,07415051;-0,023357317;0,070416931
Me22_M_od;0,026472189;-0,02160405;0,110606827
Me45_M_od;0,058611732;-0,015377556;0,061046819
Me25_M_od;0,084887531;-0,020603538;0,004425648
Me27_M_od;0,003344223;-0,013999184;0,058307576
Me47_M_od;0,053979323;-0,015478726;0,098388578
Me44_M_od;-0,005517789;-0,01375785;0,09101058
Me83_M_od;0,044406182;-0,012827533;0,121198002
Me36_od;0,011889462;-0,008728699;0,11526595
Me75_M_od;0,065831687;-0,020108327;0,040482162
Me19_M_od;0,054793026;-0,022255456;0,108521051
Me53_M_od;0,058124308;-0,022675355;0,100052031
Me38_M_od;0,042893276;-0,017128462;0,100127719
Me58_M_od;0,079637832;-0,024543495;0,075719609
Me33_M_od;0,03450682;-0,016337231;0,073394263
Me84_M_od;0,027258895;-0,014097043;0,164576137
Me93_M_od;0,032620606;-0,017920234;0,097860497
Me77_M_od;0,062069372;-0,015432465;0,037254949
Me95_M_od;0,075272181;-0,025120948;0,072630013
Me5_M_od;0,056181102;-0,019128545;0,073712671
Me60_M_od;0,009876553;-0,014391523;0,110848697
Me43_M_od;0,057083521;-0,019374847;0,078500517
Me9_M_od;0,067494827;-0,018808739;0,038321776
Me66_M_od;0,063758967;-0,01838869;0,079972584
Aulo_M_B82_od;-0,008187015;-0,01879222;0,105448837
Aulo_M_E34_od;-0,029328844;-0,020762288;0,077507253
Aulo_M_E41_od;0,031538007;-0,018503641;0,070810929
Aulo_M_B87_od;-0,025951964;-0,019101686;0,099425628
Aulo_M_E62_od;-0,030167571;-0,015920308;0,076766991
Aulo_M_E76_od;0,004584938;-0,018499203;0,05805555
Aulo_M_A68_od;0,034715684;-0,018310164;0,048119407
Aulo_M_E66_od;-0,017869819;-0,016985132;0,071449626
Aulo_M_E28_od;-0,008553933;-0,027203377;0,082407535
Aulo_M_E47_od;-0,002998909;-0,017839129;0,140165743
Aulo_M_A37_od;0,003591507;-0,025172834;0,04194819
Aulo_M_E77_od;-0,032595803;-0,014925688;0,120567594
Aulo_M_E69_od;0,045476047;-0,030408753;0,007039843
Aulo_M_A82_od;-0,010542812;-0,017270714;0,099762951
Aulo_M_E30_od_mud;0,034790955;-0,018617011;0,040794218
Aulo_M_E92_od;0,009022651;-0,019313891;0,030510415
Aulo_M_A87_od;0,026642123;-0,028593459;0,082195468
Aulo_M_E88_od;-0,015134047;-0,023703789;0,090020592
Aulo_M_E81_od;-0,017574544;-0,015038999;0,100141095
Aulo_M_B6_od;0,022503224;-0,028524226;0,10032805
Aulo_M_E27_od;-0,012161652;-0,018915732;0,120522214
Aulo_M_A39_od;0,022357342;-0,013735273;0,051574636
Aulo_M_E59_od;-0,023807248;-0,016953986;0,066147518
Aulo_M_E52_od;-0,001402307;-0,023433686;0,101846825
Aulo_M_E74_od;-0,020739847;-0,014190962;0,105185298
Aulo_M_E55_od;-0,009395261;-0,016256815;0,103316084
Aulo_M_A84_od;0,015672453;-0,022307871;0,10867044
Aulo_M_E26_od;-0,022882337;-0,020528309;0,11376309
Aulo_M_A45_od;-0,014053993;-0,02006887;0,071908124
Aulo_M_E49_od;-0,014830488;-0,018210816;0,105033823
Penyagolosa_E26_Pmuralis_M_od;0,06922945;-0,027559914;0,008421391
Penyagolosa_E27_Pmuralis_M_od;0,041676704;-0,020835488;0,008474002
Penyagolosa_E48_Pmuralis_M_od;0,019719939;-0,022320505;0,035413482
Penyagolosa_E95_Pmuralis_M_od;-0,001724927;-0,01538319;0,044284597
Penyagolosa_B85_Pmuralis_m_od;0,003371935;-0,01048003;0,080165792
Penyagolosa_A74_Pmuralis_M_od;-0,003900398;-0,017152826;0,08755402
Penyagolosa_E96_Pmuralis_M_od;0,077558281;-0,028046301;0,001885896
Penyagolosa_D21_Pmuralis_M_od;0,041465245;-0,024064698;0,040699285
Penyagolosa_E55_Pmuralis_M_od;0,00202548;-0,011660207;0,058192286
Penyagolosa_B9_Pmuralis_m_od;-0,03058872;-0,014897368;0,102282058
Penyagolosa_E68_Pmuralis_M_od;-0,008310733;-0,014520202;0,068259606
Penyagolosa_E91_Pmuralis_M_od;0,042159073;-0,022542486;0,02509117
Penyagolosa_E86_Pmuralis_M_od;0,052974981;-0,021351412;0,088637818
Penyagolosa_E53_Pmuralis_M_od;0,000329782;-0,01318739;0,027149834
Penyagolosa_E69_Pmuralis_M_od;0,011055076;-0,013331649;0,010257323
Penyagolosa_E51_Pmuralis_M_od;0,027354105;-0,01694163;0,049279789
Penyagolosa_E29_Pmuralis_M_od;0,019507332;-0,018927433;0,069531401
Penyagolosa_E90_Pmuralis_M_od;0,026750521;-0,012229794;0,03265925
Penyagolosa_E92_Pmuralis_M_od;-0,022725218;-0,014350173;0,097517452
Penyagolosa_E40_Pmuralis_M_od;0,02522033;-0,020702713;0,056054847
Penyagolosa_D36_Pmuralis_M_od;-0,018868523;-0,015093985;0,119107482
Penyagolosa_E49_Pmuralis_M_od;0,008863983;-0,011623647;0,050474074
Penyagolosa_E23_Pmuralis_M_od;-0,004866637;-0,016884664;0,116368891
Penyagolosa_E62_Pmuralis_M_od;0,038392725;-0,022363869;-0,005828475
Penyagolosa_E22_Pmuralis_M_od;0,012746164;-0,009363319;0,044263545
Penyagolosa_E80_Pmuralis_M_od;0,038667902;-0,017503496;0,022711692
Penyagolosa_E77_Pmuralis_M_od;0,021278939;-0,019678062;0,058350403
Penyagolosa_E45_Pmuralis_M_od;0,030586064;-0,018125959;0,103197916
Penyagolosa_E44_Pmuralis_M_od;1,08E-05;-0,01405033;0,102284006
Penyagolosa_E59_Pmuralis_M_od;0,015540936;-0,016100679;0,033463917
Penyagolosa_E89_Pmuralis_M_od;0,040283338;-0,024221799;0,0605362
Penyagolosa_D6_Pmuralis_m_od;0,013684132;-0,016974106;0,068403468
Penyagolosa_E31_Pmuralis_M_od;0,029239582;-0,020561684;0,041216946
Penyagolosa_E79_Pmuralis_M_od;0,028957155;-0,021116079;0,078808401
Pinarra_M_F65_od;0,044120258;-0,024125548;0,080090972
Pinarra_M_A49_od;0,004242716;-0,017733446;0,113053112
Pinarra_M_B90_od;0,050391031;-0,025119291;0,124667163
Pinarra_M_A31_od;0,019855185;-0,024479289;0,097583984
Pinarra_M_F68_od;0,042516547;-0,026068071;0,091195115
Pinarra_M_F86_od;-0,010382132;-0,019816784;0,136256736
Pinarra_M_F74_od;0,008350115;-0,020786324;0,169635504
Pinarra_M_B26_od;0,027166285;-0,017455544;0,070145987
Pinarra_M_F81_od;-0,034987545;-0,015318185;0,166476713
Pinarra_M_A26_od;-0,015924573;-0,017749719;0,178865048
Pinarra_M_F67_od;0,046367689;-0,025404105;0,08083232
Pinarra_M_A8_od;-0,007247457;-0,022510433;0,107583847
Pinarra_M_A34_od;0,028137624;-0,022087765;0,106919907
Pinarra_M_F76_od;0,020947586;-0,014842881;0,084752777
Pinarra_M_A97_od;0,032380306;-0,015304042;0,088388031
Pinarra_M_F82_od;0,030772666;-0,014466481;0,061130983
Pinarra_M_F71_od;0,008611759;-0,021952595;0,155372142
Pinarra_M_F78_od;0,040300559;-0,023628898;0,057187719
Pinarra_M_F75_od;0,02986289;-0,021170377;0,073857315
Pinarra_M_A69_od;0,000171157;-0,016052673;0,102606297
Pinarra_M_F69_od;-0,000546877;-0,027352393;0,173450539
Pinarra_M_A51_od;0,022601807;-0,021600785;0,064707578
Pinarra_M_A85_od;-0,003448519;-0,014572886;0,179367154
Pinarra_M_A15_od;0,049521611;-0,025655953;0,091721589
Pinarra_M_A76_od;-0,013084641;-0,012317146;0,112576172
Pinarra_M_F83_od;0,000580586;-0,018911976;0,140027957
Planoles_M_Pl61_od;0,102545758;-0,038018454;0,031889818
Planoles_M_Pl85_od;0,081409103;-0,032630647;0,020177036
Planoles_M_Pl16_od;0,076071299;-0,018618028;0,037527535
Planoles_M_Pl40_od;0,093204277;-0,03507343;0,003357541
Planoles_M_Pl77_od;0,055466469;-0,031048691;0,057038512
Planoles_M_Pl1_od;0,003195619;-0,017318373;0,180324767
Planoles_M_Pl22_od;0,053576869;-0,022770957;0,079934297
Planoles_M_Pl48_od;0,036133108;-0,027973155;0,122055307
Planoles_M_Pl47_od;0,056873151;-0,027950018;0,068681811
Planoles_M_Pl15_od;0,092345835;-0,031681426;0,026102944
Planoles_M_Pl12_od;0,049023757;-0,02689194;0,107592329
Planoles_M_Pl49_od;0,064654024;-0,032867023;0,099720334
Planoles_M_Pl53_od;0,047652239;-0,03026334;0,047743774
Planoles_M_Pl9_od;0,030735639;-0,021359472;0,080068192
Planoles_M_Pl63_od;0,031652747;-0,019683874;0,123759961
Planoles_M_Pl75_od;0,018312552;-0,022083553;0,117930617
Planoles_M_Pl67_od;0,041673325;-0,025248152;0,093615903
Planoles_M_Pl81_od;0,011578262;-0,018820307;0,124983502
Planoles_M_Pl90_od;0,01667717;-0,027006411;0,128372678
Planoles_M_Pl34_od;0,002283136;-0,016519408;0,17374137
Planoles_M_Pl87_od;0,024772352;-0,018156807;0,150003131
Planoles_M_Pl59_od;0,04561966;-0,022749948;0,080073684
Planoles_M_Pl45_od;0,002985705;-0,016016696;0,154532563
Planoles_M_Pl36_od;0,067052639;-0,025502901;0,05839848
Planoles_M_Pl88_od;0,052458663;-0,030147893;0,070714892
Portalet_M_A14_od;0,030764192;-0,021170985;0,1483919
Portalet_M_A20_od;0,046509763;-0,021505075;0,064466226
Portalet_M_A26_od;0,048329599;-0,025262879;0,088385002
Portalet_M_A3_od;0,023147076;-0,013490107;0,132167481
Portalet_M_A33_od;0,010481026;-0,017040453;0,097906984
Portalet_M_A36_od;0,009954575;-0,017112085;0,128024662
Portalet_M_A39_od;-0,021974528;-0,015292774;0,196456753
Portalet_M_A41_od;-0,045594999;-0,01464699;0,158470712
Portalet_M_A42_od;0,036676056;-0,021643385;0,100881049
Portalet_M_A48_od;0,003494534;-0,016621158;0,161477069
Portalet_M_A49_od;0,059705106;-0,014869601;0,041391002
Portalet_M_A55_od;-0,017480812;-0,012691199;0,193862598
Portalet_M_A68_od;0,034058476;-0,015624479;0,172920777
Portalet_M_A69_od;-0,032041111;-0,014860612;0,100544404
Portalet_M_A71_od;0,055606468;-0,020578723;0,083299224
Portalet_M_A76_od;-0,001186374;-0,016081137;0,108337762
Portalet_M_A77_od;-0,011418289;-0,016740014;0,098754158
Portalet_M_A85_od;0,016873526;-0,015229239;0,112935192
Quanca_M_D14_od;0,051118621;-0,026279979;0,039196829
Quanca_M_D23_od;0,011832198;-0,022135598;0,106851782
Quanca_M_D24_od;0,040288413;-0,023267544;0,043422525
Quanca_M_D28_od;0,038207809;-0,018184601;0,077902649
Quanca_M_D29_od;0,021674442;-0,022477156;0,0682088
Quanca_M_D30_od;0,024227805;-0,019548663;0,062961643
Quanca_M_D33_od;0,0353342;-0,018438988;0,068309715
Quanca_M_D36_od;0,055102705;-0,015982541;0,055173103
Quanca_M_D4_od;0,001117888;-0,016213831;0,128397836
Quanca_M_E10_od;-0,005976457;-0,013485776;0,111025824
Quanca_M_E12_od;0,028828527;-0,025058384;0,087310888
Quanca_M_E18_od;-0,015916356;-0,016868975;0,10794361
Quanca_M_E19_od;0,010631649;-0,014410857;0,057319856
Quanca_M_E25_od;0,046232272;-0,018390033;0,072180627
Quanca_M_E31_od;0,017271794;-0,0181929;0,089417589
Quanca_M_E39_od;0,049985529;-0,02340064;0,07633445
Quanca_M_E40_od;0,006118281;-0,017410813;0,07144669
Quanca_M_E43_od;0,069728463;-0,027756633;0,017904286
Quanca_M_E46_od;0,004313739;-0,012787162;0,109410421
Quanca_M_E48_od;0,03483249;-0,023843838;0,065652629
Quanca_M_E54_od;0,008796212;-0,018150336;0,064825925
Quanca_M_E63_od;0,030325489;-0,022185375;0,115878055
Quanca_M_E72_od;0,0011379;-0,021502343;0,133208431
Quanca_M_E87_od;0,040317612;-0,024667308;0,082092378
Quanca_M_E9_od;0,043814029;-0,027953765;0,05479079
Quanca_M_E94_od;0,017813658;-0,016744098;0,141332337
Quanca_M_E97_od;0,029599376;-0,02853399;0,054164482
Quanca_M_E102_oe;0,040034636;-0,023355917;0,029418978
Rasos_51_od;0,069463802;-0,023410815;0,000900602
Rasos_M_D7_od;-0,012860243;-0,018437775;0,1367267
Rasos_M_E19_od;0,045186707;-0,02819714;0,054906338
Rasos_M_E89_od;-0,013172817;-0,020541666;0,179459569
Rasos_M_2W_od;0,016579463;-0,019729061;0,07413136
Rasos_M_10O_od;0,053378877;-0,033679716;0,05642885
Rasos_M_1w_od;0,049862421;-0,019045587;0,048068367
Rasos_M_40_od;0,071845687;-0,019922512;0,027081488
Rasos_M_43_od;0,039803502;-0,035767368;0,017034898
Rasos_M_5_od;0,051267604;-0,02488754;0,091759015
Rasos_M_52_od;0,075201522;-0,041979081;0,090588432
Rasos_M_A20_od;0,035429046;-0,020902971;0,090749623
Rasos_M_A26_od;0,006233391;-0,022755506;0,093120479
Rasos_M_A33_od;0,048867436;-0,023374703;0,112873304
Rasos_M_A75_od;0,018133687;-0,02380839;0,060928207
Rasos_M_A77_od;0,031081443;-0,02677862;0,121946744
Rasos_M_A84_od;0,068493173;-0,030632734;0,041624058
Rasos_M_B5_od;0,043625125;-0,027812582;0,096446488
Rasos_M_B6_od;0,032675932;-0,022790797;0,133151768
Rasos_M_B99_od;0,051203295;-0,03274478;0,05329293
Rasos_M_C100_od;0,062843995;-0,029155219;0,065951095
Rasos_M_C76_od;0,01619095;-0,01916056;0,139390935
Rasos_M_C99_od;0,068580899;-0,023374159;0,060069595
Sallent_M_E27_od;0,009661267;-0,011321671;0,137075684
Sallent_M_E30_od;0,039311389;-0,01240012;0,075343036
Sallent_M_E31_od;0,067867923;-0,029852582;0,069181105
Sallent_M_E32_od;0,01825847;-0,019403786;0,098777819
Sallent_M_E33_od;0,010658654;-0,02144757;0,119364275
Sallent_M_E34_od_menut;0,067234093;-0,02468292;0,034988568
Sallent_M_E39_od;-0,021721582;-0,014295075;0,22279651
Sallent_M_E40_od;0,015223424;-0,017183924;0,111875781
Sallent_M_E44_od;0,034131871;-0,019247712;0,089069383
Sallent_M_E45_od;0,001259437;-0,013694043;0,073642044
Sallent_M_E46_od;0,046724534;-0,02818185;0,100028065
Sallent_M_E51_od;0,024596904;-0,020570658;0,112727131
Sallent_M_E54_od;-0,019096581;-0,016170032;0,080885141
Sallent_M_E55_od;-0,001515994;-0,013706514;0,124629609
Sallent_M_E57_od;-0,002988112;-0,016453722;0,215155021
Sallent_M_E61_od;0,050590405;-0,029643195;0,110055175
Sallent_M_E65_od;0,040740744;-0,022601644;0,081556831
Sallent_M_E66_od;0,014393416;-0,018329697;0,113184738
Sallent_M_E68_od;0,0099848;-0,013189653;0,129358451
Sallent_M_E71_od_mud;0,039898714;-0,014109738;0,084256086
Sallent_M_E72_od;0,031413761;-0,020748485;0,09586234
Sallent_M_E78_od;0,074371164;-0,033330478;0,079342953
Sallent_M_E79_od;0,013217646;-0,012588135;0,144237913
Sallent_M_E87_od;0,013506769;-0,013912607;0,12071734
Sallent_M_E94_od;0,03101169;-0,019850503;0,164765235
SantaFe_M_A14_od;0,071635574;-0,028550159;0,064143376
SantaFe_M_A16_od;0,061943456;-0,019751424;0,026673666
SantaFe_M_A26_od;0,057546599;-0,022711316;0,050186259
SantaFe_M_A3_od;0,052990402;-0,022527609;0,039284425
SantaFe_M_A32_od;0,082447276;-0,03219218;0,111775244
SantaFe_M_A36_od;0,066009678;-0,031653358;0,052420339
SantaFe_M_A38_od;0,056180776;-0,028773305;0,073024586
SantaFe_M_A40_od;0,082610999;-0,030002537;0,045132704
SantaFe_M_A41_od;0,073727773;-0,026065011;0,097413826
SantaFe_M_A5_od;0,08292754;-0,027458553;-0,001757559
SantaFe_M_A55_od;0,074556127;-0,02203525;0,04550833
SantaFe_M_A74_od;0,097660433;-0,033671536;0,05907644
SantaFe_M_A76_od;0,053520805;-0,03328122;0,060777032
SantaFe_M_A78_od;0,103501138;-0,041377734;0,012052463
SantaFe_M_A79_od;0,07667422;-0,037201793;0,015876362
SantaFe_M_A84_od;0,089650052;-0,034108418;0,049876279
SantaFe_M_A87_od;0,06599274;-0,023365906;0,056291095
SantaFe_M_A97_od;0,087600145;-0,032991;0,030337184
Setcases_M_A5_od;0,082284645;-0,030292179;0,017565819
Setcases_M_A98_od;0,094490489;-0,032282256;0,049490874
Setcases_M_A51_od;0,03290617;-0,025226003;0,035535365
Setcases_M_D29_od;0,050493512;-0,015873763;0,03250708
Setcases_M_E34_od;0,039914703;-0,022883224;0,105827271
Setcases_M_B93_od;0,094658672;-0,032600798;-0,000452718
Setcases_M_E55_od;0,060829651;-0,022331038;0,026967961
Setcases_M_E33_od;0,046405679;-0,028994569;0,097404007
Setcases_M_E76_od;0,002573921;-0,023508548;0,11890116
Setcases_M_D1_od;-0,014397929;-0,012475148;0,139822311
Setcases_M_E87_od;-0,014738181;-0,013986615;0,07540806
Setcases_M_E62_od;0,052897424;-0,023606319;0,093696804
Setcases_M_A32_od;0,038438711;-0,018420146;0,045455318
Setcases_M_E40_od;0,064957738;-0,028063142;0,0625464
Setcases_M_E67_od;0,086604491;-0,02997114;0,074491247
Setcases_M_E85_od;0,032654789;-0,01709278;0,095204472
Setcases_M_B12_od;0,016125801;-0,015608746;0,099170248
Setcases_M_E92_od;0,108949462;-0,031293562;0,048691358
Setcases_M_D28_od;0,069974204;-0,030669109;0,022850721
Setcases_M_E77_od;0,066071119;-0,027387267;0,091019366
Setcases_M_A82_od;0,007842844;-0,01870819;0,089109002
Setcases_M_E82_od;0,027395888;-0,020043;0,078559587
Bazerque_M_A37_oe;0,049707779;-0,017675823;0,121696109
Bazerque_M_D55_oe;0,027241762;-0,017274141;0,116679969
Bazerque_M_A41_oe;0,058108376;-0,017670575;0,084152988
Bazerque_M_E15_oe;0,042014189;-0,025252123;0,113853591
Bazerque_M_A38_oe;0,071737568;-0,030054377;0,026020421
Bazerque_M_B1_oe;0,042857982;-0,02503022;0,085169946
Bazerque_M_D18_oe;0,033623738;-0,020990085;0,067905078
Bazerque_M_A77_oe;0,065433187;-0,027875465;0,096071086
Bazerque_M_D6_oe;0,044207308;-0,019067877;0,038290179
Bazerque_M_E26_oe;0,029632819;-0,01730949;0,052830257
Bazerque_M_E21_oe;0,026891281;-0,016561208;0,122866886
Bazerque_M_E1_oe;0,047123656;-0,033640344;0,055619305
Bazerque_M_E48_oe;0,019815689;-0,016304901;0,17038338
Bazerque_M_D9_oe;0,031652763;-0,013889178;0,060688341
Bazerque_M_C31_oe;0,056858184;-0,027387424;0,091595471
Bazerque_M_D14_oe;0,019830864;-0,012040535;0,148238166
Bazerque_M_E2_oe;0,025689247;-0,017292525;0,103229334
Bazerque_M_A73_oe;0,037364265;-0,021163449;0,032526187
Bazerque_M_A45_oe;0,031986005;-0,019117714;0,120476804
Bazerque_M_D16_oe;0,043508892;-0,016927652;0,088715179
Bazerque_M_D32_oe;0,060474473;-0,017917261;0,087579216
Bazerque_M_E88_oe;0,016848392;-0,01670563;0,130442222
Bazerque_M_E45_oe;0,033417618;-0,014974832;0,099389247
Bazerque_M_C48_oe;0,011289506;-0,014893479;0,180946783
Bazerque_M_E89_oe;0,023079189;-0,012588896;0,110962218
Bazerque_M_C96_oe;0,020911311;-0,013906552;0,133344418
Bazerque_M_B26_oe;0,036865479;-0,022512838;0,117021519
Bazerque_M_A36_oe;0,0071968;-0,016593663;0,110891617
Bazerque_M_D8_oe;0,057738746;-0,0197793;0,014810445
Bazerque_M_A98_oe;0,026803718;-0,021740432;0,090234872
Bazerque_M_C48_oe_2a;0,065774912;-0,022091569;0,073033581
Bazerque_M_E63_oe;0,016494819;-0,021913644;0,067386704
Agudes_M_E36_oe;0,051255725;-0,034279903;0,072765313
Agudes_M_E37_oe;0,024359976;-0,023218213;0,107961307
Agudes_M_E39_oe;0,050462615;-0,029731619;0,114974979
Agudes_M_E44_oe;0,064147977;-0,033539858;0,074498564
Agudes_M_E45_oe;0,034779401;-0,016117803;0,079055763
Agudes_M_E49_oe;0,047979798;-0,029528175;0,05807604
Agudes_M_E50_oe;0,03468515;-0,030796518;0,047589151
Agudes_M_E52_oe;0,019703759;-0,024736368;0,061160663
Agudes_M_E54_oe;0,030126603;-0,014748476;0,052923503
Agudes_M_E55_oe;0,071515017;-0,033704357;0,036696953
Agudes_M_E56_oe;0,050215674;-0,027926112;0,055643227
Agudes_M_E59_oe;0,04585404;-0,030482803;0,052721216
Agudes_M_E61_oe;0,043884303;-0,032185689;0,066703419
Agudes_M_E65_oe;0,067657921;-0,029537522;0,042569034
Agudes_M_E71_oe;0,041462343;-0,026771099;0,021578753
Agudes_M_E72_oe;0,074712242;-0,026639874;0,023876584
Agudes_M_E73_oe;0,047318013;-0,02666687;0,017109835
Agudes_M_E74_oe;0,091187066;-0,033357135;0,025575971
Agudes_M_E76_oe;0,044325082;-0,027150182;0,068973609
Agudes_M_E78_oe;0,052827489;-0,027395822;0,04399085
Agudes_M_E81_oe;0,023545567;-0,016104935;0,091668943
Agudes_M_E90_oe;0,043751812;-0,01940505;0,030012303
Avet_M_A15_oe;0,010918425;-0,023737091;0,078065613
Avet_M_A19_oe;0,06635995;-0,030756758;0,026019596
Avet_M_A25_oe;0,058101427;-0,0216052;-0,012911025
Avet_M_A28_oe;0,037364676;-0,022623181;0,053594637
Avet_M_A34_oe;0,045668648;-0,032342067;0,053728398
Avet_M_A59_oe;0,029136231;-0,026431324;0,085190658
Avet_M_A6_oe;0,031310718;-0,024311277;0,062554235
Avet_M_A70_oe;0,058564759;-0,026603896;0,023000203
Avet_M_A85_oe;0,041141184;-0,023665404;0,029484596
Avet_M_B7_oe;0,018940899;-0,018559017;-0,002969531
Avet_M_B80_oe;0,052963128;-0,028078688;0,030441547
Avet_M_B92_oe;0,070422641;-0,019962295;0,019171581
Avet_M_E20_oe;0,003959501;-0,021184993;0,06051778
Avet_M_P33_oe;0,06279523;-0,033398141;0,034368691
Avet_M_P34_oe;0,008084925;-0,020087845;0,130743791
Avet_M_P35_oe;0,032933303;-0,028202464;0,066258764
Avet_M_P37_oe;0,043660214;-0,017352935;0,009539661
P38_oe;0,028886366;-0,019437466;0,102967008
Avet_M_P40_oe;0,059117543;-0,024417873;0,040419877
Avet_M_PN10_oe;0,009116399;-0,018822908;0,101753936
Avet_M_PN12_oe;0,027520152;-0,022683202;0,102877521
Avet_M_PN15_oe,,,852;0,015051754;-0,01890899;0,143353169
Avet_M_PN15_oe,,,853;0,030682735;-0,020097909;0,094293361
Avet_M_PN21_oe;0,046344838;-0,025081605;0,044753774
Avet_M_PN6_oe;0,030147712;-0,017752769;0,09195108
Avet_M_PN8_oe;0,018545079;-0,016311061;0,056764673
Panticosa_M_F20_oe;0,013648525;-0,022640962;0,081628057
Panticosa_M_F21_oe;0,042443201;-0,019948368;0,109991152
Panticosa_M_F23_oe;0,006383361;-0,015454978;0,1160707
Panticosa_M_F29_oe;-0,001945837;-0,018367616;0,129431272
Panticosa_M_F32_oe;-0,012132482;-0,01502468;0,113072483
Panticosa_M_F33_oe;0,058267803;-0,02448209;0,056520938
Panticosa_M_F36_oe;0,045727188;-0,021243839;0,042260868
Panticosa_M_F38_oe;0,026853641;-0,017856951;0,050934941
Panticosa_M_F39_oe;0,001097105;-0,017544446;0,137956793
Panticosa_M_F42_oe;0,01579063;-0,017996749;0,142244675
Panticosa_M_F45_oe;0,021237776;-0,020744943;0,091501959
Panticosa_M_F46_oe;0,02116713;-0,018818227;0,075834936
Panticosa_M_F49_oe;0,024780933;-0,020679208;0,087205464
Panticosa_M_F50_oe;0,014444906;-0,016943881;0,08596458
Panticosa_M_F51_oe;0,00978767;-0,019761384;0,110166471
Panticosa_M_F54_oe;0,035969768;-0,025950609;0,055084863
Panticosa_M_F55_oe;-0,002518188;-0,016750606;0,105272381
Panticosa_M_F56_oe;0,04269381;-0,017457043;0,059906443
Panticosa_M_F57_oe;0,000639701;-0,017132176;0,125952729
Panticosa_M_F58_oe;0,025920998;-0,025538092;0,075419969
Panticosa_M_F68_oe;0,00142747;-0,017490943;0,119972201
Panticosa_M_F69_oe;0,024874759;-0,022756066;0,068374927
Panticosa_M_F70_oe;-0,004283348;-0,017721242;0,147730655
Panticosa_M_F78_oe;-0,001589618;-0,016372761;0,113596637
Panticosa_M_F81_oe;0,019929115;-0,020845888;0,130608214
Panticosa_M_F83_oe;-0,015005709;-0,016794697;0,146052746
Panticosa_M_F86_oe;0,056615173;-0,027097172;0,068792927
Biados_M_F12_oe;0,002536372;-0,017669169;0,145463326
Biados_M_F16_oe;0,034424047;-0,019701488;0,0587798
Biados_M_F18_oe;0,020971376;-0,022454441;0,071401909
Biados_M_F19_oe;-0,002565206;-0,016715775;0,088020109
Biados_M_F22_oe;0,042318061;-0,033435626;0,07211483
Biados_M_F23_oe;0,056944198;-0,018372213;0,050937849
Biados_M_F24_oe;0,027014967;-0,011986182;0,031036917
Biados_M_F25_oe;0,047759821;-0,031007832;0,075903013
Biados_M_F26_oe;0,028723796;-0,024268248;0,096235876
Biados_M_F30_oe;0,043651378;-0,031519278;0,123057362
Biados_M_F31_oe;0,042158527;-0,024904413;0,083530984
Biados_M_F34_oe;0,001499851;-0,021136499;0,082111172
Biados_M_F35_oe;0,018269225;-0,026735949;0,089973139
Biados_M_F36_oe;0,004034316;-0,018499278;0,125627901
Biados_M_F37_oe;0,029183638;-0,020831007;0,083934543
Biados_M_F40_oe;0,060584061;-0,033986341;0,072319833
Biados_M_F41_oe;0,042987267;-0,027167515;0,094876634
Biados_M_F42_oe;0,05454794;-0,019372997;0,038285941
Biados_M_F43_oe;0,098292601;-0,04048992;0,0496759
Biados_M_F44_oe;0,049029124;-0,028025892;0,073123876
Biados_M_F45_oe;0,047249727;-0,025023428;0,059260373
Biados_M_F46_oe;0,066078474;-0,032502481;0,041756657
Biados_M_F47_oe;0,066675069;-0,034063654;0,062700267
Biados_M_F49_oe;0,040540784;-0,018480918;0,058993656
Biados_M_F53_oe;0,002499936;-0,017702917;0,146323441
Biados_M_F54_oe;0,027538912;-0,017769648;0,09299258
Biados_M_F55_oe;0,018498887;-0,02891658;0,098698659
Biados_M_F57_oe;0,022706575;-0,024175608;0,081841832
Biados_M_F58_oe;0,087259202;-0,035978258;0,047035742
Biados_M_F60_oe;0,013931696;-0,017807384;0,112877007
Campdevanol_M_CvE92_oe;-0,006698299;-0,020046873;0,126811463
Campdevanol_M_CvE61_oe;0,009974163;-0,02062347;0,089682683
Campdevanol_M_CvE93_oe;0,044386103;-0,018810816;0,084665197
Campdevanol_M_CvE37_oe;0,072429163;-0,032749456;0,064717157
Campdevanol_M_CvE83_oe;0,062293173;-0,025166377;0,033351169
Campdevanol_M_CvE23_oe;0,044181138;-0,025243959;0,098229756
Campdevanol_M_CvE39_oe;0,032142552;-0,024605798;0,06772809
Campdevanol_M_CvE66_oe;0,054716219;-0,023807809;0,0874136
Campdevanol_M_CvE29_oe;0,053172413;-0,018841642;0,036318387
Campdevanol_M_CvE8_oe;0,05829932;-0,028913653;0,053096679
Campdevanol_M_CvE77_oe;0,087191392;-0,030307698;0,007485095
Campdevanol_M_CvE59_oe;0,05847562;-0,032087894;0,037728091
Campdevanol_M_CvE70_oe;0,045895274;-0,01483133;0,020220252
Campdevanol_M_CvE79_oe;0,054198748;-0,022555468;0,080247375
Campdevanol_M_CvE80_oe;0,049059801;-0,024756739;0,081653561
Campdevanol_M_CvE87_oe;0,035121993;-0,022095472;0,111029641
Campdevanol_M_CvE97_oe;0,048320626;-0,023781232;0,09330768
Campdevanol_M_CvE25_oe;0,051333858;-0,020600806;0,019309208
Campdevanol_M_CvE72_oe;0,075170034;-0,032502029;0,047080297
Campdevanol_M_CvE91_oe;0,055592779;-0,02026432;0,047214729
Campdevanol_M_CvE35_oe;0,033506234;-0,021632277;0,131433095
Campdevanol_M_A27_od;0,102508887;-0,035886086;-0,001255934
Campdevanol_M_CamP26_od;0,075864017;-0,021000584;0,033032289
Campdevanol_M_A71_od;0,085068279;-0,017220029;0,046743726
Campdevanol_M_A22_od;0,061558142;-0,025875366;0,055186442
Campdevanol_M_D8_od;0,054902317;-0,031017266;0,080689462
Campdevanol_M_D25_od;0,004033102;-0,01701732;0,192543534
Cd25_M_oe;0,131570365;-0,040684014;-0,014167284
Cd31_M_oe;0,062925744;-0,02341225;0,002828852
Cd21_M_oe;0,048887754;-0,025345003;0,137019778
Cd68_M_oe;0,085083163;-0,0342735;0,019104911
Cd11_M_oe;0,108534627;-0,035783071;0,071541547
Cd78_M_oe;0,002032231;-0,015736292;0,116582579
Cd45_M_oe;0,059368935;-0,024311423;0,067997577
Cd75_M_oe;0,036587973;-0,016962509;0,031793277
Cd17_M_oe;0,062262684;-0,034489218;0,108846891
Cd43_M_oe;0,001688466;-0,020273736;0,110689151
Cd69_M_oe;0,030343926;-0,024223244;0,116694413
Cd16_M_oe;0,052891921;-0,028163556;0,049034611
Cd48_M_oe;0,018955835;-0,019215463;0,107869214
Cd37_M_oe;0,023431815;-0,027050966;0,130893903
Cd59_M_oe;0,044725534;-0,02105833;0,059475504
Cd97_M_oe;0,043938288;-0,023809254;0,078162919
Cd57_M_oe;0,065868374;-0,027922145;0,079896445
Cd34_M_oe;0,077807044;-0,027533591;0,039936258
Cd28_M_oe;0,077087121;-0,033269091;0,059816821
Cd30_M_oe;0,128044456;-0,044608774;0,084284458
Cd84_M_oe;0,051292487;-0,031872732;0,07570048
Cd79_M_oe;0,064656635;-0,020018503;0,048389997
Cd94_M_oe;0,058666296;-0,026067901;0,013342514
Cd56_M_oe;0,077376335;-0,031090473;0,048778526
Cd49_M_oe;0,076680058;-0,030310737;0,021495617
Cd7_M_oe;0,051200139;-0,027478495;0,101206342
Cd40_M_oe;0,022193443;-0,019610295;0,087977024
Cd46_M_oe;0,096487708;-0,030688472;0,06558072
Civis_M_A14_oe;0,039496562;-0,024496883;0,079173677
Civis_M_A29_oe;-0,007520602;-0,019789214;0,065395866
Civis_M_A38_oe;-0,001028581;-0,01535798;0,044436317
Civis_M_A41_oe;0,008616613;-0,026273632;0,048788832
Civis_M_A56_oe;0,0259868;-0,018579626;0,087447918
Civis_M_A91_oe;-0,004328907;-0,017596079;0,109105198
Civis_M_D15_oe;-0,007194879;-0,018751887;0,040112199
Civis_M_D17_oe;0,011428837;-0,01307087;0,096951235
Civis_M_D18_oe;0,01900541;-0,017956158;0,030897801
Civis_M_D35_oe;0,014148273;-0,014515961;0,044427581
Civis_M_D36_oe;0,045819133;-0,028659026;0,026386847
Civis_M_D54_oe;-0,030801927;-0,019216892;0,076788653
Civis_M_E10_oe;0,034529672;-0,021550476;0,088547505
Civis_M_E12_oe;0,009913842;-0,0150697;0,114385171
Civis_M_E13_oe;0,033329741;-0,017504148;0,054581999
Civis_M_E14_oe;0,025983072;-0,020111307;0,084351977
Civis_M_E18_oe;0,052541158;-0,028173259;0,056014728
Civis_M_E23_oe;0,00539392;-0,017015675;0,109364329
Civis_M_E38_oe;0,059291935;-0,027776192;0,097726654
Civis_M_E43_oe;0,040123131;-0,027539287;0,0708372
Civis_M_E44_oe;0,037973007;-0,020855661;0,047645443
Civis_M_E57_oe;0,052033056;-0,02732497;0,025445504
Civis_M_E64_oe;-0,003891796;-0,021816344;0,091156061
Civis_M_E72_oe;0,017232284;-0,02135933;0,078758518
Civis_M_E84_oe;0,029759815;-0,02228141;0,125034928
Civis_M_E93_oe;0,023269976;-0,0225159;0,058540744
Civis_M_N3_oe;0,002566027;-0,014761031;0,097735448
Civis_M_N30_oe;0,01968346;-0,020827933;0,150075973
Civis_M_N31_oe;0,038709928;-0,017471335;0,055053109
Civis_M_N5_oe;0,01023756;-0,013470431;0,148101278
ColladaToses_M_A75_oe;0,040913957;-0,024900072;0,119481188
ColladaToses_M_B26_oe;0,075541842;-0,034064;0,068859636
ColladaToses_M_B6_oe;0,031468187;-0,026159239;0,108073627
ColladaToses_M_B9_oe;0,04113461;-0,017073669;0,084689179
ColladaToses_M_C47_oe;0,008829672;-0,020305084;0,096804079
ColladaToses_M_D15_oe;0,06360988;-0,020786284;0,027221706
ColladaToses_M_D17_oe;0,047333798;-0,020402865;0,042896817
ColladaToses_M_D18_oe;0,043051049;-0,020142631;0,133656951
ColladaToses_M_D24_oe;0,005335033;-0,015703384;0,113428076
ColladaToses_M_D33_oe;0,036772715;-0,017385926;0,117104707
ColladaToses_M_D36_oe;-0,010833611;-0,014245487;0,224579605
ColladaToses_M_D50_oe;0,052551747;-0,03263505;0,099216667
ColladaToses_M_D55_oe;-0,002419582;-0,018129786;0,140593707
ColladaToses_M_D8_oe;0,048054974;-0,018802498;0,041863641
ColladaToses_M_D9_oe;0,03656174;-0,022001409;0,109591372
ColladaToses_M_E19_oe;0,016575799;-0,018660423;0,059222601
ColladaToses_M_E24_oe;0,045248352;-0,028869776;0,098430225
ColladaToses_M_E28_oe;0,080346545;-0,0257483;0,039621847
ColladaToses_M_E30_oe;0,026376994;-0,01944449;0,115157603
ColladaToses_M_E31_oe;0,077440223;-0,030033194;0,020363543
ColladaToses_M_E34_oe;0,048549145;-0,023090463;0,041356737
ColladaToses_M_E41_oe;0,051617962;-0,019684861;0,040026098
ColladaToses_M_E5_oe;0,050945983;-0,02619151;0,100625356
ColladaToses_M_E51_oe;0,031326497;-0,025918677;0,09922617
ColladaToses_M_E53_oe;0,014134535;-0,01760188;0,150352455
ColladaToses_M_E6_oe;0,034723991;-0,020817802;0,027606801
ColladaToses_M_E60_oe;0,089155276;-0,033763504;0,027590979
ColladaToses_M_E62_oe;0,039682036;-0,022942302;0,08947294
ColladaToses_M_E69_oe;0,018938345;-0,017849072;0,131371044
ColladaToses_M_E75_oe;0,046091477;-0,023013002;0,105343655
ColladaToses_M_E9_oe;0,089996641;-0,028650376;0,060493923
ColladaToses_M_E90_oe;0,044715257;-0,02642324;0,077636126
Canto_M_27_oe;0,002837913;-0,017281634;0,114620763
Canto_M_A15_oe;0,026279622;-0,014674057;0,05014078
Canto_M_A16_oe;0,020634628;-0,017512613;0,063258999
Canto_M_A17_oe;0,033526608;-0,025008819;0,085080401
Canto_M_A19_oe;0,00651236;-0,020074783;0,112080814
Canto_M_A25_oe;-0,018414038;-0,017534232;0,119309681
Canto_M_A30_oe;-0,006606174;-0,018443212;0,116016918
